//Contains markov models. Each Markov array consists of one "dictionary" array which maps states to indices so that they're easier to manipulate when generating sequences of states.
//The following object then lists states followed by what states may follow them. Repeated states result in increased probability. The next object contains meta information like location (in this case).
//[[[[state],[state],[state]],{map},{meta}]]
//These models are FIXED ORDER OF 1
//If you want variable order you have to parse_buffer("note") and parse_buffer("rhythm")
var markov_picker = [
    [
        [
            [[57],0.45],[[55],0.4],[[57],0.3],[[60],0.3],[[55],0.45],[[57],0.4],[[57],0.25],[[60],0.25],[[57],0.35],[[72],0.15],[[69],0.15],[[74],0.15],[[76],0.15],[[74],0.2],[[74],0.1],[[69],0.1],[[69],0.2],[[76],0.1],[[67],0.15],[[55],0.1],[[57],0.15],[[60],0.15],[[64],0.15],[[67],0.1],[[72],0.2],[[62],0.15],[[67],0.2],[[64,65],0.15],[[57],0.1],[[55],0.15],[[64],0.1],[[62],0.2],[[57],0.2],[[60],0.2],[[62],0.1],[[76],0.2],[[60,62],0.2],[[60],0.1],[[55],0.3],[[62],0.25],[[69],0.05],[[64],0.2],[[74,76],0.15],[[72],0.05],[[57],0.05],[[64],0.5],[[69],0.5]
        ],
        
        {
            "0":[1,4,4],
            "1":[2,6],
            "2":[3,3,2,38],
            "3":[0,5,9],
            "4":[2,8],
            "5":[1],
            "6":[7],
            "7":[0,28],
            "8":[3],
            "9":[10,10,10,10,10,15,18,26,18,31,15,15,40,10,15,15],
            "10":[11,12,9,14,12,11,14,12,9,14,11,18,9,11],
            "11":[10,9,9,34,9],
            "12":[13,10,15,14],
            "13":[10],
            "14":[10,10,10,16,9,15,9],
            "15":[14,18,18,26,18,18,23],
            "16":[17],
            "17":[10],
            "18":[9,19,22,9,21,9,24,11,9,31,22,22],
            "19":[20,20,32,20,20],
            "20":[21,21,21,37,21,29,21,25,45],
            "21":[22,22,28,30,28,30,28],
            "22":[23,19,23,18,18,26,36,25,12,25],
            "23":[24,9,22,10,33],
            "24":[25,19],
            "25":[26,22,22,9,44],
            "26":[27,25,35,21],
            "27":[9],
            "28":[29,29,29,33,29,19],
            "29":[20,32,20,28,20,20],
            "30":[18,18,23],
            "31":[22,41],
            "32":[33,33],
            "33":[30,14,2,20],
            "34":[22],
            "35":[23],
            "36":[29],
            "37":[28],
            "38":[39],
            "39":[7],
            "40":[18],
            "41":[42],
            "42":[43],
            "43":[14],
            "44":[19],
            "45":[46],
            "~n_order":1,
            "~state":"rn"},
        {
            "latitude":38.8977,
            "longitude":-77.0365
        }
    ],
    [
        [
            [[69],0.5],[[71],0.5],[[64],0.5],[[66],0.5],[[64],0.4],[[66],0.45],[[38,50],0.5],[[50],0.5],[[68],0.5],[[71],0.4],[[52],0.5],[[76],0.5],[[73],0.5],[[69],0.1],[[69],0.4],[[81,83],0.5],[[80],0.5],[[83],0.5],[[68],0.05],[[78],0.5],[[78],0.3],[[76],0.35],[[78],0.25],[[76],0.25],[[76],0.2],[[78],0.15],[[76],0.15],[[78],0.1],[[76],0.1],[[80],0.4],[[81],0.4],[[76],0.4],[[71],0.45],[[80],0.45],[[64],0.45],[[78],0.45],[[73],0.35],[[74],0.4],[[73],0.45],[[76],0.45],[[81],0.5],[[80],0.2],[[66],0.05],[[74],0.35],[[73],0.4],[[74],0.25],[[73],0.2],[[66],0.4],[[76],0.3],[[78],0.2],[[80],0.3],[[81],0.2],[[80],0.15],[[81],0.25],[[83],0.3],[[81],0.3],[[83],0.45],[[64],0.25],[[66],0.25],[[61],0.4],[[59],0.5],[[57],0.35],[[69],0.45],[[78],0.35],[[66],0.2],[[68],0.2],[[69],0.2],[[52],0.25],[[64],0.2],[[69],0.15],[[71],0.15],[[68],0.25],[[69],0.3],[[71],0.35],[[69],0.35],[[76,73,69],0.5],[[83],0.4],[[64],0.35],[[93],0.45],[[92],0.5],[[88],0.45],[[90],0.5],[[92],0.35],[[88],0.35],[[85],0.5],[[80],0.35],[[88],0.5],[[90],0.2],[[92],0.25],[[93],0.3],[[88],0.3],[[85],0.45],[[86],0.4],[[78,85],0.5],[[85,66],0.5],[[83],0.25],[[64],0.15],[[81],0.35],[[73,83],0.4],[[88],0.4],[[92],0.4],[[76],0.05],[[90],0.35],[[93],0.4],[[92],0.2],[[93],0.15],[[92],0.15],[[90],0.15],[[88],0.15],[[90],0.1],[[93],0.25],[[95],0.1],[[93],0.05],[[95],0.5],[[78],0.05],[[88],0.05],[[66],0.35],[[81],0.45],[[93],0.5],[[86],0.5]
        ],
        {
            "0":[1,9,8,16,8,35,8,78,86],
            "1":[2,12,8,11,16,11,0,12,0,12,16,0,84],
            "2":[3,3,3,59,63,49],
            "3":[4,8,1,1,19],
            "4":[5],
            "5":[6],
            "6":[7],
            "7":[3],
            "8":[0,14,2,14,2,1,11,17,47],
            "9":[10,37],
            "10":[11],
            "11":[1,15,1,20,1,1,0,1,12,1,17,12,57,62,14,51],
            "12":[13,19,11,0,42,57,73,8],
            "13":[8],
            "14":[1,32,70,37,30],
            "15":[16],
            "16":[17,18,19,11,40,11,3,2,0],
            "17":[11,34,41,16,16,16,55],
            "18":[19],
            "19":[11,29,31,30,11,11,41,11,11,33],
            "20":[21],
            "21":[22,12,96],
            "22":[23,24,24],
            "23":[22,47,58,91],
            "24":[25,19,2],
            "25":[26,19,24],
            "26":[27,27,64],
            "27":[26,28],
            "28":[25],
            "29":[30,14],
            "30":[19,33,115,85,33],
            "31":[0,36],
            "32":[8,79],
            "33":[17,76,11,117],
            "34":[16,19],
            "35":[31,16,33],
            "36":[9],
            "37":[38,91],
            "38":[39],
            "39":[35],
            "40":[17,19,85,76],
            "41":[11,49,51,40,51],
            "42":[43],
            "43":[44,12],
            "44":[45],
            "45":[46,48],
            "46":[23],
            "47":[45,75],
            "48":[25,56,87],
            "49":[50,26,116],
            "50":[51],
            "51":[52,52,95,1],
            "52":[53,49],
            "53":[54],
            "54":[55,90],
            "55":[56,29,41],
            "56":[34,1,93],
            "57":[58,67],
            "58":[2,71],
            "59":[60],
            "60":[61],
            "61":[11],
            "62":[8],
            "63":[41],
            "64":[65],
            "65":[66],
            "66":[21],
            "67":[68],
            "68":[69],
            "69":[70],
            "70":[23,43],
            "71":[72],
            "72":[41],
            "73":[74],
            "74":[12],
            "75":[35],
            "76":[77,83,30,32],
            "77":[17],
            "78":[79,79],
            "79":[80,86,99,81],
            "80":[81],
            "81":[82,118,118],
            "82":[83],
            "83":[84,48,94],
            "84":[40,97,76],
            "85":[83,22,30],
            "86":[48,23,81],
            "87":[88],
            "88":[89],
            "89":[90],
            "90":[54,55,101],
            "91":[92,76,86],
            "92":[56],
            "93":[40],
            "94":[17],
            "95":[21],
            "96":[19],
            "97":[98],
            "98":[99],
            "99":[100,119],
            "100":[90],
            "101":[102],
            "102":[103],
            "103":[104],
            "104":[105],
            "105":[106],
            "106":[107,110],
            "107":[108],
            "108":[109],
            "109":[106],
            "110":[111],
            "111":[112],
            "112":[113],
            "113":[114],
            "114":[78],
            "115":[14],
            "116":[85],
            "117":[117,91],
            "118":[79],
            "119":[84],
            "~n_order":1,
            "~state":"rn"
        },
        {
            "latitude":19.432608,
            "longitude":-99.13321
        }
    ]
    
];